[[1804], [2]]
[[1358], [3]]
[[1363], [4]]
[[1368], [5]]
[[1373], [6]]
[[1377], [7]]
[[1381], [8]]
[[1385, 954], [9, 9]]
[[1387, 952], [10, 10]]
[[1390, 948, 903], [11, 11, 11]]
[[946, 905], [12, 12]]
[[945], [13]]
[[940], [14]]
[[], []]
[[], []]
[[], []]
[[], []]
[[], []]
[[], []]
[[1139], [21]]
[[1136], [22]]
[[1131], [23]]
[[], []]
[[], []]
[[], []]
[[], []]
[[937], [28]]
[[1103], [29]]
[[], []]
[[942], [31]]
[[1642], [32]]
[[], []]
[[], []]
[[], []]
[[1829, 1047], [36, 36]]
[[], []]
[[], []]
[[960], [39]]
[[], []]
[[], []]
[[], []]
[[], []]
[[], []]
[[], []]
[[], []]
[[], []]
[[], []]
[[1094], [49]]
[[1096, 1076], [50, 50]]
[[], []]
[[1009], [52]]
[[], []]
[[], []]
[[], []]
[[], []]
[[], []]
[[1059], [58]]
[[884], [59]]
[[882], [60]]
[[1060, 880], [61, 61]]
[[880], [62]]
[[], []]
[[], []]
[[882], [65]]
[[], []]
[[894], [67]]
[[903], [68]]
[[912], [69]]
[[], []]
[[], []]
[[], []]
[[], []]
[[927], [74]]
[[933], [75]]
[[939], [76]]
[[943], [77]]
[[950, 938, 891], [78, 78, 78]]
[[], []]
[[], []]
[[963], [81]]
[[879], [82]]
[[1910, 880, 836], [83, 83, 83]]
[[1910], [84]]
[[1908, 879], [85, 85]]
[[883], [86]]
[[886], [87]]
[[816, 756], [88, 88]]
[[739], [89]]
[[723], [90]]
[[1912, 706], [91, 91]]
[[690], [92]]
[[674], [93]]
[[658], [94]]
[[642], [95]]
[[1910, 930, 626], [96, 96, 96]]
[[611], [97]]
[[1912, 595], [98, 98]]
[[1913, 579], [99, 99]]
[[1913, 564], [100, 100]]
[[549], [101]]
[[534], [102]]
[[519], [103]]
[[504], [104]]
[[489], [105]]
[[475], [106]]
[[461], [107]]
[[447], [108]]
[[434], [109]]
[[1151, 419], [110, 110]]
[[407], [111]]
[[904, 395], [112, 112]]
[[381], [113]]
[[929, 370], [114, 114]]
[[927, 357], [115, 115]]
[[347], [116]]
[[1822, 336], [117, 117]]
[[1856, 1815, 1163, 919, 325], [118, 118, 118, 118, 118]]
[[1905, 1507, 921, 315], [119, 119, 119, 119]]
[[1913, 1896, 1504, 919, 306], [120, 120, 120, 120, 120]]
[[1910, 296], [121, 121]]
[[1496, 917, 289], [122, 122, 122]]
[[1846, 1777, 1489, 915, 281], [123, 123, 123, 123, 123]]
[[1914, 1809, 1744, 1484, 273], [124, 124, 124, 124, 124]]
[[1914, 1896, 1808, 1476, 269], [125, 125, 125, 125, 125]]
[[1896, 1877, 1851, 1778, 1471, 263], [126, 126, 126, 126, 126, 126]]
[[1876, 1855, 1829, 1466, 1171, 260], [127, 127, 127, 127, 127, 127]]
[[1855, 1833, 1807, 1762, 1461, 258], [128, 128, 128, 128, 128, 128]]
[[1909, 1833, 1810, 1806, 1785, 1455, 1170, 253], [129, 129, 129, 129, 129, 129, 129, 129]]
[[1787, 1449, 255], [130, 130, 130]]
[[1764, 1690, 1639, 1443, 255], [131, 131, 131, 131, 131]]
[[1742, 1722, 1626, 1438, 259], [132, 132, 132, 132, 132]]
[[1702, 1434, 261], [133, 133, 133]]
[[1685, 1432, 269], [134, 134, 134]]
[[1430, 1431, 278], [135, 135, 135]]
[[1463, 1430, 1429, 291], [136, 136, 136, 136]]
[[1825, 1430, 1429, 308], [137, 137, 137, 137]]
[[1640, 1431, 1431, 326], [138, 138, 138, 138]]
[[1833, 1432, 1432, 351], [139, 139, 139, 139]]
[[1891, 1434, 376], [140, 140, 140]]
[[1437, 417], [141, 141]]
[[1859, 1441, 955, 902], [142, 142, 142, 142]]
[[1735, 1445], [143, 143]]
[[1836, 1449], [144, 144]]
[[], []]
[[1914], [146]]
[[1914], [147]]
[[], []]
[[1915, 1912, 1171], [149, 149, 149]]
[[], []]
[[], []]
[[1855], [152]]
[[1472], [153]]
[[1471], [154]]
[[1470], [155]]
[[1472], [156]]
[[], []]
[[1474], [158]]
[[1476], [159]]
[[1480, 1164], [160, 160]]
[[863], [161]]
[[], []]
[[], []]
[[], []]
[[], []]
[[], []]
[[1863, 874], [167, 167]]
[[1848], [168]]
[[], []]
[[1503], [170]]
[[], []]
[[1506], [172]]
[[1507], [173]]
[[1507], [174]]
[[1507], [175]]
[[1509], [176]]
[[1510], [177]]
[[1511], [178]]
[[1511, 1508], [179, 179]]
[[1511, 1508], [180, 180]]