[[], []]
[[], []]
[[], []]
[[], []]
[[369], [6]]
[[369], [7]]
[[], []]
[[317], [9]]
[[320], [10]]
[[], []]
[[], []]
[[896], [13]]
[[], []]
[[894], [15]]
[[360], [16]]
[[352, 335], [17, 17]]
[[], []]
[[], []]
[[], []]
[[], []]
[[891, 357], [22, 22]]
[[], []]
[[356], [24]]
[[354], [25]]
[[367, 403], [26, 26]]
[[], []]
[[372, 350], [28, 28]]
[[372], [29]]
[[], []]
[[], []]
[[], []]
[[], []]
[[214, 770], [34, 34]]
[[214], [35]]
[[215], [36]]
[[216, 371, 369], [37, 37, 37]]
[[472, 217, 363], [38, 38, 38]]
[[708, 372], [39, 39]]
[[676, 710, 397, 531], [40, 40, 40, 40]]
[[680, 652], [41, 41]]
[[291, 684, 379, 367], [42, 42, 42, 42]]
[[297, 690, 723, 746, 765, 773, 381, 394], [43, 43, 43, 43, 43, 43, 43, 43]]
[[730, 770, 778, 384, 528, 395, 350], [44, 44, 44, 44, 44, 44, 44]]
[[756, 702, 737, 758, 545, 398, 349], [45, 45, 45, 45, 45, 45, 45]]
[[707, 453, 765, 528, 400], [46, 46, 46, 46, 46]]
[[715, 780, 772, 372, 403, 352], [47, 47, 47, 47, 47, 47]]
[[697, 750, 743, 761, 778, 560, 404, 356], [48, 48, 48, 48, 48, 48, 48, 48]]
[[731, 771], [49, 49]]
[[715, 779, 792], [50, 50, 50]]
[[594, 755, 798, 477], [51, 51, 51, 51]]
[[493], [52]]
[[588, 542, 869], [53, 53, 53]]
[[745, 591, 432, 544, 871, 326], [54, 54, 54, 54, 54, 54]]
[[573, 766, 593, 405, 433], [55, 55, 55, 55, 55]]
[[585, 1069, 693, 547, 389], [56, 56, 56, 56, 56]]
[[600, 547, 394], [57, 57, 57]]
[[587, 773, 493, 603, 599, 377, 398, 315], [58, 58, 58, 58, 58, 58, 58, 58]]
[[598, 607, 601, 409, 377, 313], [59, 59, 59, 59, 59, 59]]
[[779, 323, 503, 612, 606, 553, 408, 376, 314], [60, 60, 60, 60, 60, 60, 60, 60, 60]]
[[597, 621, 881, 844, 901, 318, 976, 617, 609, 558, 408, 373, 314], [61, 61, 61, 61, 61, 61, 61, 61, 61, 61, 61, 61, 61]]
[[893, 915, 883, 819, 515, 623, 562, 408, 371, 316], [62, 62, 62, 62, 62, 62, 62, 62, 62, 62]]
[[954, 905, 896, 860, 360, 629, 811, 410, 317], [63, 63, 63, 63, 63, 63, 63, 63, 63]]
[[632, 655, 917, 939, 904, 365, 635, 562, 533, 411, 317], [64, 64, 64, 64, 64, 64, 64, 64, 64, 64, 64]]
[[642, 929, 951, 866, 912, 641, 570, 538, 412, 318], [65, 65, 65, 65, 65, 65, 65, 65, 65, 65]]
[[820, 939, 907, 961, 602, 854, 647, 541, 413], [66, 66, 66, 66, 66, 66, 66, 66, 66]]
[[829, 842, 892, 948, 970, 652, 584, 545, 594, 320], [67, 67, 67, 67, 67, 67, 67, 67, 67, 67]]
[[837, 851, 1068, 757, 923, 439, 657, 650, 550, 599, 318], [68, 68, 68, 68, 68, 68, 68, 68, 68, 68, 68]]
[[844, 636, 1071, 1065, 662, 656, 589, 552], [69, 69, 69, 69, 69, 69, 69, 69]]
[[433, 642, 1075, 1070, 1060], [70, 70, 70, 70, 70]]
[[622, 436, 1073, 1066, 775, 559], [71, 71, 71, 71, 71, 71]]
[[1069, 780, 568, 602, 324], [72, 72, 72, 72, 72]]
[[1071, 1062, 571, 480, 647, 325], [73, 73, 73, 73, 73, 73]]
[[1073, 1063, 1054, 566, 394, 326], [74, 74, 74, 74, 74, 74]]
[[439, 1072, 506, 350], [75, 75, 75, 75]]
[[438, 1070, 979, 508, 883, 349, 905], [76, 76, 76, 76, 76, 76, 76]]
[[617, 436, 1074, 730, 475, 496, 348], [77, 77, 77, 77, 77, 77, 77]]
[[612, 432, 1071, 725, 989, 476, 327, 349], [78, 78, 78, 78, 78, 78, 78, 78]]
[[1072, 429, 765, 722, 747, 476, 349, 909], [79, 79, 79, 79, 79, 79, 79, 79]]
[[1069, 425, 1061, 716, 743, 565, 322, 348], [80, 80, 80, 80, 80, 80, 80, 80]]
[[600, 843, 421, 1055, 753, 916, 738, 487, 562, 440, 668, 322, 349], [81, 81, 81, 81, 81, 81, 81, 81, 81, 81, 81, 81, 81]]
[[594, 838, 747, 909, 483, 452, 654, 323, 347, 346], [82, 82, 82, 82, 82, 82, 82, 82, 82, 82]]
[[847, 902, 960, 738, 505, 670, 479, 451, 474, 447, 653], [83, 83, 83, 83, 83, 83, 83, 83, 83, 83, 83]]
[[837, 1038, 888, 952, 721, 450, 473], [84, 84, 84, 84, 84, 84, 84]]
[[829, 798, 725, 658, 886, 669, 449, 440, 350], [85, 85, 85, 85, 85, 85, 85, 85, 85]]
[[820, 718, 845, 880, 664, 447, 438, 720, 351], [86, 86, 86, 86, 86, 86, 86, 86, 86]]
[[811, 648, 709, 660, 620, 718, 353], [87, 87, 87, 87, 87, 87, 87]]
[[803, 702, 656, 687, 338], [88, 88, 88, 88, 88]]
[[794, 764, 693, 854, 901, 466, 334, 337], [89, 89, 89, 89, 89, 89, 89, 89]]
[[786, 756, 687, 682, 647], [90, 90, 90, 90, 90]]
[[978, 638, 324], [91, 91, 91]]
[[971, 756, 672, 833, 1072, 837, 639, 457, 631, 605, 407], [92, 92, 92, 92, 92, 92, 92, 92, 92, 92, 92]]
[[963, 1069], [93, 93]]
[[], []]
[[1056, 625, 425], [95, 95, 95]]
[[1049, 621, 574, 428], [96, 96, 96, 96]]
[[932, 816, 850, 476, 433, 313, 431], [97, 97, 97, 97, 97, 97, 97]]
[[926, 786, 798, 550, 570, 367, 364, 433], [98, 98, 98, 98, 98, 98, 98, 98]]
[[1074, 781, 795, 609, 566, 546, 313, 437], [99, 99, 99, 99, 99, 99, 99, 99]]
[[490, 543, 969, 313, 440], [100, 100, 100, 100, 100]]
[[979, 871, 539, 968, 313, 444], [101, 101, 101, 101, 101, 101]]
[[792, 1039, 908, 590, 816, 312, 449], [102, 102, 102, 102, 102, 102, 102]]
[[864, 787, 1038, 905, 480, 632, 813, 776, 534, 287, 313, 454], [103, 103, 103, 103, 103, 103, 103, 103, 103, 103, 103, 103]]
[[306, 855, 811, 292, 312, 458], [104, 104, 104, 104, 104, 104]]
[[408, 414, 464], [105, 105, 105]]
[[470], [106]]
[[198, 409, 396, 432, 312, 476], [107, 107, 107, 107, 107, 107]]
[[873, 364, 548, 531, 483], [108, 108, 108, 108, 108]]
[[586, 491], [109, 109]]
[[334, 308, 499], [110, 110, 110]]
[[682, 335, 509], [111, 111, 111]]
[[326, 518], [112, 112]]
[[284, 207, 443, 530], [113, 113, 113, 113]]
[[447, 338, 542], [114, 114, 114]]
[[340, 549], [115, 115]]
[[873, 1021, 340, 557], [116, 116, 116, 116]]
[[861, 1021, 903, 334, 341, 586], [117, 117, 117, 117, 117, 117]]
[[904, 938, 470, 340, 604], [118, 118, 118, 118, 118]]
[[917, 628], [119, 119]]
[[606, 644], [120, 120]]
[[1053, 657], [121, 121]]
[[434, 599], [122, 122]]
[[331, 741], [123, 123]]
[[545, 304, 329, 342, 769], [124, 124, 124, 124, 124]]
[[], []]
[[1003, 327, 345], [126, 126, 126]]
[[704, 1003, 1068, 472, 325, 995, 856], [127, 127, 127, 127, 127, 127, 127]]
[[1014, 916, 993], [128, 128, 128]]
[[993], [129]]
[[353], [130]]
[[314], [131]]
[[956, 312, 357], [132, 132, 132]]
[[], []]
[[], []]
[[], []]
[[337], [136]]
[[454, 305], [137, 137]]
[[456, 305], [138, 138]]
[[304], [139]]
[[304, 366, 343], [140, 140, 140]]
[[464, 303], [141, 141]]
[[303, 346], [142, 142]]
[[304, 349], [143, 143]]
[[304, 349], [144, 144]]
[[308], [145]]
[[308], [146]]
[[310], [147]]
[[], []]
[[320], [149]]
[[], []]
[[329], [151]]
[[351], [152]]
[[469, 351], [153, 153]]
[[], []]
[[], []]
[[357], [156]]
[[462, 414, 351], [157, 157, 157]]
[[362], [158]]
[[459], [159]]
[[349], [160]]
[[348], [161]]
[[], []]
[[348], [163]]
[[], []]
[[], []]
[[], []]
[[], []]
[[], []]
[[318], [169]]
[[], []]
[[], []]
[[302, 321], [172, 172]]
[[], []]
[[322], [174]]
[[], []]
[[378, 367, 303], [176, 176, 176]]
[[371, 365, 300], [177, 177, 177]]
[[368], [178]]