[[438], [2]]
[[234], [3]]
[[225], [4]]
[[216], [5]]
[[207], [6]]
[[197], [7]]
[[183], [8]]
[[174, 572], [9, 9]]
[[164, 568], [10, 10]]
[[156, 565, 633], [11, 11, 11]]
[[564, 631], [12, 12]]
[[562], [13]]
[[560], [14]]
[[], []]
[[], []]
[[], []]
[[], []]
[[], []]
[[], []]
[[655], [21]]
[[650], [22]]
[[647], [23]]
[[], []]
[[], []]
[[], []]
[[], []]
[[539], [28]]
[[609], [29]]
[[], []]
[[545], [31]]
[[384], [32]]
[[], []]
[[], []]
[[], []]
[[351, 576], [36, 36]]
[[], []]
[[], []]
[[553], [39]]
[[], []]
[[], []]
[[], []]
[[], []]
[[], []]
[[], []]
[[], []]
[[], []]
[[], []]
[[541], [49]]
[[543, 561], [50, 50]]
[[], []]
[[564], [52]]
[[], []]
[[], []]
[[], []]
[[], []]
[[], []]
[[574], [58]]
[[536], [59]]
[[538], [60]]
[[604, 543], [61, 61]]
[[551], [62]]
[[], []]
[[], []]
[[581], [65]]
[[], []]
[[599], [67]]
[[605], [68]]
[[614], [69]]
[[], []]
[[], []]
[[], []]
[[], []]
[[628], [74]]
[[634], [75]]
[[639], [76]]
[[642], [77]]
[[651, 570, 610], [78, 78, 78]]
[[], []]
[[], []]
[[661], [81]]
[[625], [82]]
[[399, 628, 560], [83, 83, 83]]
[[403], [84]]
[[408, 631], [85, 85]]
[[633], [86]]
[[636], [87]]
[[575, 556], [88, 88]]
[[556], [89]]
[[556], [90]]
[[430, 559], [91, 91]]
[[559], [92]]
[[560], [93]]
[[561], [94]]
[[562], [95]]
[[448, 644, 564], [96, 96, 96]]
[[565], [97]]
[[432, 567], [98, 98]]
[[437, 568], [99, 99]]
[[442, 571], [100, 100]]
[[572], [101]]
[[574], [102]]
[[575], [103]]
[[579], [104]]
[[582], [105]]
[[585], [106]]
[[588], [107]]
[[591], [108]]
[[594], [109]]
[[524, 598], [110, 110]]
[[602], [111]]
[[659, 607], [112, 112]]
[[610], [113]]
[[644, 616], [114, 114]]
[[644, 620], [115, 115]]
[[626], [116]]
[[695, 632], [117, 117]]
[[600, 723, 522, 637, 638], [118, 118, 118, 118, 118]]
[[691, 276, 636, 645], [119, 119, 119, 119]]
[[7, 719, 289, 635, 652], [120, 120, 120, 120, 120]]
[[22, 659], [121, 121]]
[[317, 631, 668], [122, 122, 122]]
[[888, 617, 332, 628, 676], [123, 123, 123, 123, 123]]
[[721, 743, 633, 350, 685], [124, 124, 124, 124, 124]]
[[721, 757, 650, 369, 695], [125, 125, 125, 125, 125]]
[[757, 794, 736, 818, 389, 706], [126, 126, 126, 126, 126, 126]]
[[795, 833, 777, 409, 526, 718], [127, 127, 127, 127, 127, 127]]
[[834, 873, 819, 838, 428, 731], [128, 128, 128, 128, 128, 128]]
[[712, 874, 916, 844, 864, 446, 527, 743], [129, 129, 129, 129, 129, 129, 129, 129]]
[[960, 465, 758], [130, 130, 130]]
[[1007, 1074, 842, 483, 774], [131, 131, 131, 131, 131]]
[[1057, 948, 965, 502, 791], [132, 132, 132, 132, 132]]
[[1000, 520, 809], [133, 133, 133]]
[[1052, 539, 830], [134, 134, 134]]
[[559, 496, 852], [135, 135, 135]]
[[1042, 578, 516, 876], [136, 136, 136, 136]]
[[249, 534, 596, 902], [137, 137, 137, 137]]
[[1015, 615, 553, 932], [138, 138, 138, 138]]
[[288, 635, 573, 964], [139, 139, 139, 139]]
[[976, 593, 1004], [140, 140, 140]]
[[612, 1036], [141, 141]]
[[1010, 629, 516, 552], [142, 142, 142, 142]]
[[1072, 646], [143, 143]]
[[378, 663], [144, 144]]
[[], []]
[[419], [146]]
[[431], [147]]
[[], []]
[[455, 1054, 597], [149, 149, 149]]
[[], []]
[[], []]
[[482], [152]]
[[814], [153]]
[[826], [154]]
[[840], [155]]
[[856], [156]]
[[], []]
[[887], [158]]
[[903], [159]]
[[917, 558], [160, 160]]
[[506], [161]]
[[], []]
[[], []]
[[], []]
[[], []]
[[], []]
[[614, 491], [167, 167]]
[[602], [168]]
[[], []]
[[926], [170]]
[[], []]
[[910], [172]]
[[901], [173]]
[[892], [174]]
[[883], [175]]
[[873], [176]]
[[863], [177]]
[[853], [178]]
[[841, 786], [179, 179]]
[[829, 772], [180, 180]]