[[], []]
[[], []]
[[], []]
[[], []]
[[998], [6]]
[[999], [7]]
[[], []]
[[1111], [9]]
[[1108], [10]]
[[], []]
[[], []]
[[928], [13]]
[[], []]
[[925], [15]]
[[937], [16]]
[[1095, 1080], [17, 17]]
[[], []]
[[], []]
[[], []]
[[], []]
[[933, 928], [22, 22]]
[[], []]
[[925], [24]]
[[925], [25]]
[[1056, 996], [26, 26]]
[[], []]
[[1054, 923], [28, 28]]
[[1050], [29]]
[[], []]
[[], []]
[[], []]
[[], []]
[[1909, 1860], [34, 34]]
[[1906], [35]]
[[1904], [36]]
[[1902, 1551, 1454], [37, 37, 37]]
[[1913, 1898, 1520], [38, 38, 38]]
[[1861, 1744], [39, 39]]
[[1912, 1857, 1528, 1329], [40, 40, 40, 40]]
[[1906, 1901], [41, 41]]
[[1914, 1900, 1543, 1514], [42, 42, 42, 42]]
[[1914, 1894, 1891, 1877, 1863, 1847, 1729, 1042], [43, 43, 43, 43, 43, 43, 43, 43]]
[[1885, 1858, 1840, 1724, 1320, 1043, 912], [44, 44, 44, 44, 44, 44, 44]]
[[1910, 1883, 1879, 1823, 1789, 1044, 912], [45, 45, 45, 45, 45, 45, 45]]
[[1880, 1878, 1817, 1315, 1046], [46, 46, 46, 46, 46]]
[[1874, 1869, 1811, 1497, 1046, 918], [47, 47, 47, 47, 47, 47]]
[[1912, 1900, 1877, 1860, 1806, 1775, 1047, 920], [48, 48, 48, 48, 48, 48, 48, 48]]
[[1861, 1854], [49, 49]]
[[1900, 1848, 1793], [50, 50, 50]]
[[1908, 1882, 1788, 1672], [51, 51, 51, 51]]
[[1698], [52]]
[[1535, 1288, 1015], [53, 53, 53]]
[[1707, 1531, 1370, 1286, 1015, 901], [54, 54, 54, 54, 54, 54]]
[[1913, 1868, 1528, 1506, 1367], [55, 55, 55, 55, 55]]
[[1913, 1913, 1911, 1278, 951], [56, 56, 56, 56, 56]]
[[1524, 1273, 952], [57, 57, 57]]
[[1903, 1692, 1648, 1522, 1464, 985, 955, 944], [58, 58, 58, 58, 58, 58, 58, 58]]
[[1900, 1519, 1462, 1052, 993, 947], [59, 59, 59, 59, 59, 59]]
[[1865, 1702, 1649, 1518, 1460, 1262, 1055, 998, 948], [60, 60, 60, 60, 60, 60, 60, 60, 60]]
[[1908, 1898, 1848, 1851, 1834, 1756, 1813, 1517, 1458, 1259, 1058, 1001, 950], [61, 61, 61, 61, 61, 61, 61, 61, 61, 61, 61, 61, 61]]
[[1847, 1834, 1751, 1727, 1646, 1516, 1255, 1060, 1006, 951], [62, 62, 62, 62, 62, 62, 62, 62, 62, 62]]
[[1893, 1846, 1799, 1733, 1704, 1516, 1431, 1063, 954], [63, 63, 63, 63, 63, 63, 63, 63, 63]]
[[1905, 1894, 1845, 1832, 1748, 1704, 1516, 1254, 1226, 1066, 954], [64, 64, 64, 64, 64, 64, 64, 64, 64, 64, 64]]
[[1904, 1844, 1831, 1780, 1747, 1516, 1252, 1222, 1071, 955], [65, 65, 65, 65, 65, 65, 65, 65, 65, 65]]
[[1894, 1844, 1838, 1830, 1818, 1723, 1515, 1223, 1073], [66, 66, 66, 66, 66, 66, 66, 66, 66]]
[[1894, 1876, 1849, 1843, 1830, 1515, 1252, 1221, 1201, 957], [67, 67, 67, 67, 67, 67, 67, 67, 67, 67]]
[[1895, 1877, 1871, 1861, 1838, 1684, 1516, 1456, 1217, 1200, 962], [68, 68, 68, 68, 68, 68, 68, 68, 68, 68, 68]]
[[1895, 1879, 1873, 1853, 1515, 1455, 1246, 1216], [69, 69, 69, 69, 69, 69, 69, 69]]
[[1900, 1879, 1875, 1855, 1833], [70, 70, 70, 70, 70]]
[[1915, 1899, 1857, 1835, 1800, 1216], [71, 71, 71, 71, 71, 71]]
[[1837, 1801, 1686, 1246, 967], [72, 72, 72, 72, 72]]
[[1839, 1819, 1686, 1490, 1243, 966], [73, 73, 73, 73, 73, 73]]
[[1840, 1820, 1804, 1213, 1103, 967], [74, 74, 74, 74, 74, 74]]
[[1894, 1841, 1350, 955], [75, 75, 75, 75]]
[[1893, 1843, 1716, 1348, 1329, 962, 935], [76, 76, 76, 76, 76, 76, 76]]
[[1915, 1892, 1868, 1839, 1472, 1299, 963], [77, 77, 77, 77, 77, 77, 77]]
[[1915, 1891, 1869, 1839, 1782, 1472, 974, 966], [78, 78, 78, 78, 78, 78, 78, 78]]
[[1892, 1889, 1869, 1840, 1789, 1470, 968, 937], [79, 79, 79, 79, 79, 79, 79, 79]]
[[1895, 1887, 1873, 1840, 1788, 1681, 980, 969], [80, 80, 80, 80, 80, 80, 80, 80]]
[[1915, 1892, 1886, 1876, 1871, 1858, 1789, 1700, 1681, 1439, 1222, 981, 973], [81, 81, 81, 81, 81, 81, 81, 81, 81, 81, 81, 81, 81]]
[[1913, 1892, 1872, 1859, 1700, 1471, 1240, 984, 973, 939], [82, 82, 82, 82, 82, 82, 82, 82, 82, 82]]
[[1911, 1861, 1853, 1784, 1774, 1754, 1698, 1469, 1466, 1370, 1239], [83, 83, 83, 83, 83, 83, 83, 83, 83, 83, 83]]
[[1910, 1899, 1862, 1852, 1789, 1468, 1461], [84, 84, 84, 84, 84, 84, 84]]
[[1912, 1906, 1873, 1755, 1750, 1515, 1467, 1434, 1129], [85, 85, 85, 85, 85, 85, 85, 85, 85]]
[[1912, 1874, 1773, 1753, 1515, 1465, 1432, 1213, 1137], [86, 86, 86, 86, 86, 86, 86, 86, 86]]
[[1914, 1899, 1874, 1516, 1235, 1213, 1139], [87, 87, 87, 87, 87, 87, 87]]
[[1914, 1876, 1516, 1211, 1013], [88, 88, 88, 88, 88]]
[[1915, 1910, 1877, 1873, 1797, 1479, 1098, 945], [89, 89, 89, 89, 89, 89, 89, 89]]
[[1916, 1912, 1879, 1795, 1518], [90, 90, 90, 90, 90]]
[[1911, 1463, 1030], [91, 91, 91]]
[[1913, 1906, 1882, 1809, 1797, 1775, 1520, 1480, 1464, 1234, 950], [92, 92, 92, 92, 92, 92, 92, 92, 92, 92, 92]]
[[1914, 1801], [93, 93]]
[[], []]
[[1911, 1524, 921], [95, 95, 95]]
[[1914, 1526, 1239, 915], [96, 96, 96, 96]]
[[1905, 1841, 1843, 1838, 1708, 952, 909], [97, 97, 97, 97, 97, 97, 97]]
[[1909, 1842, 1805, 1682, 1240, 1093, 1069, 901], [98, 98, 98, 98, 98, 98, 98, 98]]
[[1894, 1846, 1809, 1533, 1243, 1194, 948, 895], [99, 99, 99, 99, 99, 99, 99, 99]]
[[1693, 1195, 1006, 948, 890], [100, 100, 100, 100, 100]]
[[1912, 1829, 1197, 1008, 949, 884], [101, 101, 101, 101, 101, 101]]
[[1859, 1870, 1841, 1491, 1412, 948, 878], [102, 102, 102, 102, 102, 102, 102]]
[[1908, 1860, 1875, 1843, 1701, 1454, 1413, 1357, 1199, 1039, 944, 873], [103, 103, 103, 103, 103, 103, 103, 103, 103, 103, 103, 103]]
[[1915, 1840, 1415, 1035, 943, 866], [104, 104, 104, 104, 104, 104]]
[[1506, 1132, 860], [105, 105, 105]]
[[854], [106]]
[[1856, 1506, 1450, 1319, 939, 848], [107, 107, 107, 107, 107, 107]]
[[1907, 1887, 1261, 1202, 843], [108, 108, 108, 108, 108]]
[[1503, 837], [109, 109]]
[[972, 943, 830], [110, 110, 110]]
[[1484, 971, 826], [111, 111, 111]]
[[1428, 819], [112, 112]]
[[1910, 1910, 985, 815], [113, 113, 113, 113]]
[[984, 965, 809], [114, 114, 114]]
[[962, 805], [115, 115]]
[[1844, 1844, 963, 801], [116, 116, 116, 116]]
[[1896, 1844, 1839, 1039, 962, 794], [117, 117, 117, 117, 117, 117]]
[[1846, 1834, 993, 959, 789], [118, 118, 118, 118, 118]]
[[1904, 784], [119, 119]]
[[1906, 785], [120, 120]]
[[1815, 781], [121, 121]]
[[1910, 1714], [122, 122]]
[[999, 773], [123, 123]]
[[1825, 1029, 989, 957, 773], [124, 124, 124, 124, 124]]
[[], []]
[[1370, 973, 955], [126, 126, 126]]
[[1777, 1370, 1359, 1065, 973, 781, 775], [127, 127, 127, 127, 127, 127, 127]]
[[1279, 778, 777], [128, 128, 128]]
[[778], [129]]
[[951], [130]]
[[961], [131]]
[[1841, 957, 951], [132, 132, 132]]
[[], []]
[[], []]
[[], []]
[[914], [136]]
[[1107, 959], [137, 137]]
[[1109, 961], [138, 138]]
[[965], [139]]
[[969, 954, 915], [140, 140, 140]]
[[1112, 973], [141, 141]]
[[976, 916], [142, 142]]
[[983, 917], [143, 143]]
[[988, 918], [144, 144]]
[[992], [145]]
[[1002], [146]]
[[1006], [147]]
[[], []]
[[1016], [149]]
[[], []]
[[1026], [151]]
[[920], [152]]
[[1119, 918], [153, 153]]
[[], []]
[[], []]
[[1030], [156]]
[[1114, 1061, 914], [157, 157, 157]]
[[952], [158]]
[[1111], [159]]
[[910], [160]]
[[908], [161]]
[[], []]
[[905], [163]]
[[], []]
[[], []]
[[], []]
[[], []]
[[], []]
[[1051], [169]]
[[], []]
[[], []]
[[1031, 1000], [172, 172]]
[[], []]
[[996], [174]]
[[], []]
[[1102, 1083, 1052], [176, 176, 176]]
[[1102, 1084, 1053], [177, 177, 177]]
[[1103], [178]]