525 1898
225 1870
464 1864
202 1863
433 1800
178 1790
987 1787
580 1694
415 1687
1067 1681
376 1677
503 1651
966 1675
583 1638
1059 1637
916 1617
603 1607
513 1598
522 1588
1045 1605
592 1601
606 1559
959 1547
576 1544
591 1534
933 1498
1063 1484
934 1479
965 1481
1009 1464
933 1457
365 1457
1046 1461
598 1449
728 1451
992 1437
931 1435
1039 1434
655 1445
1005 1420
616 1420
390 1410
1018 1407
666 1403
947 1425
692 1390
402 1382
1045 1386
494 1375
1022 1366
417 1352
757 1348
992 1362
715 1350
949 1339
361 1331
925 1313
531 876
667 801
466 608
529 594
546 571
454 558
425 535
552 414
